--------------------------------
-1.5e-05
-4e-05
-7.49985e-05
-0.000119993
-0.00017498
-0.000239955
-0.000314912
-0.000399846
-0.000494748
-0.00059961
-0.000714423
-0.000839175
-0.000973856
-0.00111845
-0.00127295
-0.00143734
-0.0016116
-0.00179572
-0.00198967
-0.00219345
-0.00240703
-0.00263038
-0.0028635
-0.00310635
-0.00335892
-0.00362117
-0.00389309
-0.00417465
-0.00446582
-0.00476656
-0.00507687
-0.00539669
-0.005726
-0.00606478
-0.00641298
-0.00677057
-0.00713752
-0.00751379
-0.00789935
-0.00829415
-0.00869816
-0.00911134
-0.00953365
-0.00996504
-0.0104055
-0.0108549
-0.0113133
-0.0117806
-0.0122568
-0.0127417
-0.0132355
-0.013738
-0.0142491
-0.0147689
-0.0152972
-0.015834
-0.0163793
-0.016933
-0.0174951
-0.0180655
-0.0186441
-0.0192308
-0.0198257
-0.0204287
-0.0210397
-0.0216586
-0.0222854
-0.02292
-0.0235623
-0.0242124
-0.02487
-0.0255352
-0.026208
-0.0268881
-0.0275756
-0.0282703
-0.0289723
-0.0296814
-0.0303976
-0.0311208
-0.0318509
-0.0325879
-0.0333316
-0.034082
-0.0348391
-0.0356027
-0.0363727
-0.0371492
-0.0379319
-0.0387209
-0.0395161
-0.0403173
-0.0411244
-0.0419375
-0.0427564
-0.043581
-0.0444113
-0.0452472
-0.0460885
-0.0469352
-0.0477871
-0.0486443
-0.0495067
-0.050374
-0.0512463
-0.0521235
-0.0530054
-0.0538919
-0.0547831
-0.0556787
-0.0565787
-0.057483
-0.0583915
-0.0593041
-0.0602207
-0.0611412
-0.0620655
-0.0629935
-0.0639251
-0.0648603
-0.0657988
-0.0667407
-0.0676858
-0.0686339
-0.0695851
-0.0705392
-0.0714961
-0.0724557
-0.0734179
-0.0743825
-0.0753496
-0.0763189
-0.0772905
-0.078264
-0.0792396
-0.080217
-0.0811961
-0.0821769
-0.0831592
-0.0841429
-0.085128
-0.0861142
-0.0871016
-0.0880899
-0.0890791
-0.0900691
-0.0910597
-0.0920508
-0.0930424
-0.0940343
-0.0950264
-0.0960186
-0.0970107
-0.0980027
-0.0989945
-0.0999859
-0.100977
-0.101967
-0.102957
-0.103946
-0.104933
-0.10592
-0.106906
-0.10789
-0.108873
-0.109854
-0.110834
-0.111812
-0.112788
-0.113762
-0.114734
-0.115704
-0.116672
-0.117637
-0.118599
-0.119559
-0.120516
-0.12147
-0.122421
-0.123368
-0.124313
-0.125254
-0.126191
-0.127125
-0.128055
-0.128982
-0.129904
-0.130822
-0.131736
-0.132645
-0.13355
-0.134451
-0.135346
-0.136237
-0.137123
-0.138004
-0.13888
-0.13975
-0.140615
-0.141474
-0.142328
-0.143176
-0.144018
-0.144854
-0.145684
-0.146508
-0.147325
-0.148135
-0.14894
-0.149737
-0.150528
-0.151311
-0.152088
-0.152857
-0.153619
-0.154374
-0.155121
-0.15586
-0.156592
-0.157316
-0.158032
-0.15874
-0.159439
-0.16013
-0.160813
-0.161487
-0.162153
-0.162809
-0.163457
-0.164096
-0.164726
-0.165346
-0.165957
-0.166559
-0.167151
-0.167734
-0.168307
-0.16887
-0.169423
-0.169965
-0.170498
-0.171021
-0.171533
-0.172034
-0.172525
-0.173005
-0.173475
-0.173933
-0.174381
-0.174817
-0.175242
-0.175656
-0.176059
-0.17645
-0.176829
-0.177197
-0.177553
-0.177897
-0.178229
-0.178549
-0.178857
-0.179153
-0.179436
-0.179707
-0.179966
-0.180212
-0.180445
-0.180665
-0.180873
-0.181067
-0.181249
-0.181418
-0.181573
-0.181715
-0.181844
-0.18196
-0.182061
-0.18215
-0.182225
-0.182286
-0.182333
-0.182366
-0.182386
-0.182391
-0.182383
-0.18236
-0.182323
-0.182272
-0.182207
-0.182127
-0.182033
-0.181924
-0.181801
-0.181663
-0.18151
-0.181343
-0.181161
-0.180964
-0.180752
-0.180525
-0.180284
-0.180027
-0.179755
-0.179468
-0.179166
-0.178849
-0.178516
-0.178168
-0.177805
-0.177426
-0.177032
-0.176623
-0.176198
-0.175758
-0.175302
-0.174831
-0.174344
-0.173841
-0.173323
-0.172789
-0.172239
-0.171674
-0.171093
-0.170496
-0.169884
-0.169256
-0.168612
-0.167952
-0.167276
-0.166585
-0.165878
-0.165155
-0.164416
-0.163661
-0.162891
-0.162105
-0.161303
-0.160485
-0.159651
-0.158801
-0.157936
-0.157055
-0.156158
-0.155246
-0.154317
-0.153373
-0.152413
-0.151438
-0.150447
-0.14944
-0.148417
-0.147379
-0.146326
-0.145257
-0.144172
-0.143072
-0.141956
-0.140825
-0.139679
-0.138517
-0.13734
-0.136148
-0.134941
-0.133718
-0.13248
-0.131228
-0.12996
-0.128677
-0.127379
-0.126067
-0.124739
-0.123397
-0.12204
-0.120668
-0.119282
-0.117882
-0.116467
-0.115037
-0.113593
-0.112135
-0.110663
-0.109176
-0.107676
-0.106162
-0.104633
-0.103091
-0.101535
-0.0999657
-0.0983826
-0.096786
-0.095176
-0.0935526
-0.0919161
-0.0902663
-0.0886036
-0.0869278
-0.0852392
-0.0835378
-0.0818237
-0.080097
-0.0783578
-0.0766062
-0.0748424
-0.0730663
-0.0712782
-0.069478
-0.067666
-0.0658422
-0.0640068
-0.0621598
-0.0603014
-0.0584316
-0.0565506
-0.0546585
-0.0527554
-0.0508415
-0.0489168
-0.0469814
-0.0450356
-0.0430793
-0.0411128
-0.0391361
-0.0371494
-0.0351528
-0.0331464
-0.0311304
-0.0291049
-0.02707
-0.0250258
-0.0229726
-0.0209103
-0.0188392
-0.0167593
-0.0146709
-0.012574
-0.0104688
-0.00835545
-0.00623405
-0.00410476
-0.00196772
0.000176925
0.00232904
0.00448848
0.0066551
0.00882875
0.0110093
0.0131966
0.0153904
0.0175907
0.0197974
0.0220101
0.0242289
0.0264535
0.0286837
0.0309196
0.0331608
0.0354073
0.0376588
0.0399152
0.0421765
0.0444423
0.0467126
0.0489872
0.051266
0.0535487
0.0558352
0.0581255
0.0604192
0.0627163
0.0650166
0.0673199
0.0696261
0.0719349
0.0742464
0.0765602
0.0788762
0.0811943
0.0835144
0.0858361
0.0881594
0.0904841
0.0928101
0.0951372
0.0974651
0.0997939
0.102123
0.104453
0.106783
0.109113
0.111443
0.113773
0.116102
0.118431
0.120759
0.123087
0.125413
0.127738
0.130062
0.132384
0.134704
0.137023
0.139339
0.141653
0.143965
0.146275
0.148581
0.150885
0.153186
0.155484
0.157778
0.160069
0.162357
0.16464
0.166919
0.169195
0.171466
0.173732
0.175994
0.178252
0.180504
0.182751
0.184993
0.18723
0.189461
0.191686
0.193906
0.196119
0.198326
0.200527
0.202722
0.20491
0.207091
0.209265
0.211432
0.213592
0.215745
0.21789
0.220027
0.222157
0.224279
0.226392
0.228498
0.230595
0.232683
0.234763
0.236834
0.238896
0.240949
0.242993
0.245028
0.247053
0.249068
0.251074
0.25307
0.255055
0.257031
0.258996
0.260951
0.262896
0.26483
0.266753
0.268665
0.270567
0.272457
0.274336
0.276203
0.278059
0.279904
0.281736
0.283557
0.285366
0.287163
0.288948
0.290721
0.292481
0.294229
0.295964
0.297686
0.299396
0.301093
0.302777
0.304448
0.306105
0.30775
0.309381
0.310998
0.312602
0.314193
0.315769
0.317332
0.318881
0.320416
0.321938
0.323445
0.324937
0.326416
0.32788
0.32933
0.330765
0.332186
0.333592
0.334983
0.33636
0.337722
0.339069
0.340401
0.341718
0.34302
0.344306
0.345578
0.346835
0.348076
0.349302
0.350512
0.351708
0.352887
0.354052
0.3552
0.356333
0.357451
0.358553
0.359639
0.36071
0.361765
0.362804
0.363828
0.364835
0.365827
0.366803
0.367763
0.368707
0.369636
0.370548
0.371445
0.372326
0.373191
0.37404
0.374873
0.37569
0.376491
0.377276
0.378045
0.378799
0.379536
0.380258
0.380964
0.381654
0.382328
0.382987
0.383629
0.384256
0.384867
0.385462
0.386042
0.386606
0.387154
0.387687
0.388204
0.388706
0.389192
0.389662
0.390118
0.390558
0.390982
0.391392
0.391786
0.392165
0.392529
0.392878
0.393212
0.393531
0.393835
0.394125
0.394399
0.394659
0.394905
0.395136
0.395352
0.395554
0.395742
0.395916
0.396075
0.396221
0.396352
0.39647
0.396574
0.396664
0.396741
0.396804
0.396854
0.39689
0.396913
0.396924
0.396921
0.396905
0.396877
0.396836
0.396782
0.396716
0.396638
0.396547
0.396444
0.39633
0.396203
0.396065
0.395916
0.395754
0.395582
0.395398
0.395203
0.394998
0.394781
0.394554
0.394316
0.394069
0.39381
0.393542
0.393264
0.392976
0.392678
0.392371
0.392055
0.391729
0.391394
0.391051
0.390699
0.390338
0.389969
0.389591
0.389206
0.388813
0.388412
0.388003
0.387587
0.387164
0.386734
0.386297
0.385854
0.385404
0.384947
0.384485
0.384016
0.383542
0.383062
0.382577
0.382087
0.381591
0.381091
0.380586
0.380076
0.379563
0.379045
0.378523
0.377998
0.377469
0.376937
0.376402
0.375864
0.375323
0.37478
0.374234
0.373687
0.373137
0.372586
0.372033
0.371479
0.370924
0.370368
0.369812
0.369255
0.368697
0.36814
0.367583
0.367026
0.36647
0.365915
0.36536
0.364807
0.364255
0.363705
0.363157
0.362611
0.362067
0.361526
0.360987
0.360451
0.359919
0.359389
0.358863
0.358341
0.357823
0.357309
0.3568
0.356295
0.355795
0.3553
0.35481
0.354325
0.353846
0.353373
0.352906
0.352446
0.351991
0.351544
0.351103
0.35067
0.350243
0.349824
0.349413
0.34901
0.348615
0.348228
0.34785
0.34748
0.347119
0.346767
0.346425
0.346092
0.345769
0.345455
0.345152
0.344859
0.344576
0.344304
0.344043
0.343792
0.343553
0.343325
0.343109
0.342904
0.342711
0.342531
0.342362
0.342206
0.342063
0.341932
0.341814
0.341709
0.341618
0.34154
0.341475
0.341424
0.341387
0.341364
0.341355
0.341361
0.341381
0.341416
0.341465
0.34153
0.341609
0.341704
0.341814
0.341939
0.342081
0.342238
0.34241
0.342599
0.342804
0.343025
0.343263
0.343517
0.343788
0.344075
0.344379
0.344701
0.345039
0.345394
0.345767
0.346157
0.346565
0.34699
0.347433
0.347893
0.348371
0.348868
0.349382
0.349915
0.350465
0.351034
0.351621
0.352227
0.352851
0.353494
0.354155
0.354835
0.355534
0.356251
0.356987
0.357742
0.358517
0.35931
0.360122
0.360953
0.361804
0.362673
0.363562
0.36447
0.365397
0.366344
0.36731
0.368295
0.3693
0.370324
0.371367
0.37243
0.373513
0.374614
0.375735
0.376876
0.378036
0.379216
0.380415
0.381633
0.382871
0.384128
0.385405
0.386701
0.388016
0.389351
0.390705
0.392079
0.393471
0.394883
0.396314
0.397765
0.399234
0.400723
0.40223
0.403757
0.405302
0.406867
0.40845
0.410052
0.411673
0.413312
0.41497
0.416647
0.418342
0.420056
0.421788
0.423538
0.425307
0.427093
0.428898
0.43072
0.432561
0.434419
0.436295
0.438189
0.4401
0.442028
0.443974
0.445937
0.447918
0.449915
0.451929
0.45396
0.456008
0.458072
0.460153
0.46225
0.464363
0.466493
0.468638
0.470799
0.472977
0.475169
0.477378
0.479601
0.48184
0.484094
0.486363
0.488646
0.490945
0.493258
0.495585
0.497927
0.500282
0.502652
0.505035
0.507432
0.509843
0.512267
0.514704
0.517154
0.519617
0.522093
0.524581
0.527081
0.529594
0.532119
0.534656
0.537204
0.539764
0.542335
0.544917
0.547511
0.550115
0.55273
