--------------------------------
0
1.5e-07
5.50005e-07
1.30001e-06
2.49999e-06
4.24991e-06
6.64967e-06
9.79917e-06
1.37982e-05
1.87466e-05
2.47441e-05
3.18902e-05
4.02846e-05
5.00266e-05
6.12157e-05
7.39512e-05
8.83321e-05
0.000104458
0.000122426
0.000142338
0.000164289
0.000188381
0.000214709
0.000243374
0.000274472
0.000308101
0.00034436
0.000383345
0.000425154
0.000469883
0.000517629
0.00056849
0.00062256
0.000679937
0.000740715
0.000804991
0.00087286
0.000944416
0.00101975
0.00109897
0.00118216
0.00126941
0.00136081
0.00145647
0.00155648
0.00166092
0.00176989
0.00188347
0.00200177
0.00212488
0.00225287
0.00238585
0.00252391
0.00266713
0.00281559
0.0029694
0.00312864
0.0032934
0.00346376
0.00363981
0.00382164
0.00400934
0.00420298
0.00440266
0.00460845
0.00482045
0.00503874
0.0052634
0.00549451
0.00573216
0.00597642
0.00622738
0.00648512
0.00674972
0.00702125
0.00729981
0.00758546
0.00787828
0.00817835
0.00848575
0.00880056
0.00912284
0.00945267
0.00979014
0.0101353
0.0104882
0.010849
0.0112177
0.0115944
0.0119792
0.0123721
0.0127732
0.0131825
0.0136002
0.0140263
0.0144609
0.014904
0.0153557
0.0158161
0.0162852
0.0167631
0.0172499
0.0177456
0.0182502
0.0187639
0.0192867
0.0198187
0.0203598
0.0209103
0.02147
0.0220392
0.0226178
0.0232059
0.0238035
0.0244107
0.0250276
0.0256542
0.0262906
0.0269367
0.0275927
0.0282586
0.0289345
0.0296203
0.0303162
0.0310221
0.0317382
0.0324645
0.033201
0.0339477
0.0347047
0.0354721
0.0362498
0.0370379
0.0378365
0.0386456
0.0394652
0.0402953
0.041136
0.0419874
0.0428494
0.043722
0.0446054
0.0454995
0.0464044
0.0473201
0.0482466
0.0491839
0.0501321
0.0510913
0.0520613
0.0530422
0.0540341
0.055037
0.0560509
0.0570758
0.0581118
0.0591587
0.0602168
0.0612859
0.0623661
0.0634573
0.0645597
0.0656733
0.0667979
0.0679337
0.0690806
0.0702386
0.0714079
0.0725882
0.0737798
0.0749825
0.0761963
0.0774213
0.0786575
0.0799048
0.0811633
0.0824329
0.0837137
0.0850056
0.0863086
0.0876228
0.0889481
0.0902844
0.0916319
0.0929904
0.09436
0.0957406
0.0971323
0.098535
0.0999486
0.101373
0.102809
0.104255
0.105713
0.107181
0.10866
0.11015
0.111651
0.113163
0.114685
0.116218
0.117762
0.119316
0.120881
0.122457
0.124043
0.12564
0.127247
0.128865
0.130493
0.132131
0.13378
0.135439
0.137108
0.138787
0.140477
0.142176
0.143886
0.145606
0.147335
0.149075
0.150824
0.152583
0.154352
0.15613
0.157918
0.159716
0.161523
0.163339
0.165165
0.167
0.168844
0.170698
0.17256
0.174432
0.176312
0.178202
0.1801
0.182007
0.183923
0.185847
0.18778
0.189721
0.191671
0.193628
0.195594
0.197569
0.199551
0.201541
0.203539
0.205545
0.207558
0.209579
0.211608
0.213644
0.215688
0.217738
0.219796
0.221861
0.223933
0.226011
0.228097
0.230189
0.232287
0.234393
0.236504
0.238622
0.240746
0.242876
0.245012
0.247153
0.249301
0.251454
0.253613
0.255777
0.257946
0.260121
0.2623
0.264485
0.266674
0.268869
0.271067
0.273271
0.275478
0.27769
0.279906
0.282126
0.28435
0.286578
0.288809
0.291044
0.293282
0.295524
0.297769
0.300016
0.302267
0.30452
0.306776
0.309035
0.311296
0.313559
0.315824
0.318092
0.320361
0.322632
0.324904
0.327178
0.329453
0.331729
0.334007
0.336285
0.338564
0.340844
0.343124
0.345405
0.347685
0.349966
0.352247
0.354527
0.356808
0.359087
0.361366
0.363645
0.365922
0.368198
0.370473
0.372747
0.375019
0.37729
0.379559
0.381825
0.38409
0.386353
0.388613
0.390871
0.393126
0.395378
0.397627
0.399874
0.402117
0.404356
0.406592
0.408825
0.411053
0.413278
0.415498
0.417714
0.419926
0.422134
0.424336
0.426534
0.428726
0.430914
0.433096
0.435273
0.437445
0.43961
0.44177
0.443924
0.446071
0.448213
0.450347
0.452476
0.454597
0.456712
0.45882
0.46092
0.463014
0.465099
0.467178
0.469248
0.471311
0.473366
0.475412
0.477451
0.479481
0.481502
0.483515
0.485519
0.487514
0.489499
0.491476
0.493443
0.495401
0.49735
0.499288
0.501217
0.503135
0.505044
0.506942
0.50883
0.510707
0.512574
0.514429
0.516274
0.518108
0.519931
0.521743
0.523543
0.525331
0.527109
0.528874
0.530627
0.532369
0.534098
0.535815
0.53752
0.539213
0.540893
0.54256
0.544214
0.545856
0.547485
0.5491
0.550703
0.552292
0.553868
0.55543
0.556978
0.558513
0.560035
0.561542
0.563035
0.564515
0.56598
0.567431
0.568867
0.570289
0.571697
0.57309
0.574468
0.575832
0.57718
0.578514
0.579833
0.581136
0.582425
0.583698
0.584956
0.586199
0.587426
0.588637
0.589833
0.591013
0.592178
0.593327
0.59446
0.595577
0.596678
0.597763
0.598832
0.599884
0.600921
0.601941
0.602945
0.603933
0.604904
0.605859
0.606798
0.60772
0.608625
0.609514
0.610386
0.611242
0.61208
0.612903
0.613708
0.614496
0.615268
0.616023
0.616761
0.617482
0.618186
0.618873
0.619544
0.620197
0.620834
0.621453
0.622055
0.622641
0.623209
0.62376
0.624295
0.624812
0.625312
0.625796
0.626262
0.626711
0.627143
0.627558
0.627957
0.628338
0.628702
0.62905
0.62938
0.629694
0.62999
0.63027
0.630533
0.630779
0.631008
0.631221
0.631417
0.631596
0.631759
0.631904
0.632034
0.632146
0.632242
0.632322
0.632385
0.632432
0.632463
0.632477
0.632475
0.632457
0.632423
0.632373
0.632307
0.632225
0.632126
0.632013
0.631883
0.631738
0.631577
0.6314
0.631208
0.631001
0.630778
0.63054
0.630287
0.630018
0.629735
0.629437
0.629124
0.628796
0.628454
0.628096
0.627725
0.627339
0.626939
0.626524
0.626095
0.625653
0.625196
0.624726
0.624242
0.623744
0.623233
0.622708
0.622171
0.621619
0.621055
0.620478
0.619888
0.619286
0.618671
0.618043
0.617403
0.616751
0.616086
0.61541
0.614722
0.614022
0.61331
0.612587
0.611852
0.611107
0.61035
0.609582
0.608804
0.608015
0.607215
0.606405
0.605585
0.604754
0.603914
0.603064
0.602204
0.601334
0.600456
0.599568
0.598671
0.597764
0.59685
0.595926
0.594994
0.594054
0.593106
0.59215
0.591185
0.590214
0.589234
0.588248
0.587254
0.586253
0.585245
0.58423
0.583209
0.582182
0.581148
0.580109
0.579063
0.578012
0.576956
0.575894
0.574826
0.573754
0.572677
0.571596
0.570509
0.569419
0.568325
0.567226
0.566124
0.565018
0.563909
0.562796
0.561681
0.560562
0.559441
0.558318
0.557192
0.556064
0.554934
0.553802
0.552669
0.551534
0.550398
0.549261
0.548123
0.546984
0.545845
0.544706
0.543566
0.542427
0.541288
0.540149
0.539011
0.537874
0.536737
0.535602
0.534469
0.533336
0.532206
0.531078
0.529951
0.528827
0.527706
0.526587
0.525471
0.524358
0.523248
0.522142
0.52104
0.519941
0.518846
0.517756
0.516669
0.515588
0.514511
0.513438
0.512371
0.51131
0.510253
0.509203
0.508158
0.507119
0.506087
0.505061
0.504041
0.503028
0.502022
0.501023
0.500031
0.499047
0.49807
0.497102
0.496141
0.495188
0.494243
0.493308
0.49238
0.491462
0.490552
0.489652
0.488761
0.48788
0.487008
0.486146
0.485294
0.484452
0.483621
0.4828
0.481989
0.48119
0.480401
0.479624
0.478858
0.478103
0.47736
0.476628
0.475909
0.475201
0.474506
0.473823
0.473153
0.472495
0.47185
0.471217
0.470598
0.469992
0.469399
0.46882
0.468254
0.467702
0.467164
0.46664
0.46613
0.465634
0.465153
0.464686
0.464233
0.463796
0.463373
0.462965
0.462572
0.462195
0.461832
0.461485
0.461154
0.460838
0.460537
0.460253
0.459984
0.459732
0.459495
0.459275
0.459071
0.458883
0.458712
0.458557
0.458419
0.458297
0.458193
0.458105
0.458034
0.45798
0.457943
0.457923
0.45792
0.457935
0.457967
0.458016
0.458082
0.458166
0.458268
0.458387
0.458523
0.458678
0.45885
0.459039
0.459247
0.459472
0.459715
0.459975
0.460254
0.460551
0.460865
0.461197
0.461547
0.461916
0.462302
0.462706
0.463128
0.463568
0.464026
0.464501
0.464995
0.465507
0.466037
0.466584
0.46715
0.467733
0.468334
0.468953
0.46959
0.470244
0.470917
0.471606
0.472314
0.473039
0.473782
0.474542
0.47532
0.476115
0.476928
0.477757
0.478605
0.479469
0.48035
0.481249
0.482164
0.483096
0.484045
0.485011
0.485994
0.486993
0.488009
0.489041
0.490089
0.491153
0.492234
0.493331
0.494444
0.495572
0.496716
0.497876
0.499051
0.500242
0.501448
0.502669
0.503905
0.505156
0.506422
0.507703
0.508998
0.510307
0.511631
0.512968
0.51432
0.515686
0.517065
0.518458
0.519864
0.521284
0.522716
0.524162
0.52562
0.527091
0.528575
0.53007
0.531578
0.533098
0.53463
0.536173
0.537728
0.539294
0.540872
0.54246
0.544059
0.545668
0.547288
0.548919
0.550559
0.552209
0.553869
0.555538
0.557217
0.558904
0.560601
0.562306
0.56402
0.565742
0.567472
0.569211
0.570956
0.57271
0.574471
0.576238
0.578013
0.579794
0.581582
0.583376
0.585177
0.586983
0.588794
0.590611
0.592434
0.594261
0.596093
0.59793
0.599771
0.601616
0.603465
0.605318
0.607174
0.609033
0.610896
0.612761
0.614629
0.616499
0.618371
0.620245
0.622121
0.623999
0.625877
0.627757
0.629637
0.631518
0.633399
0.635281
0.637162
0.639043
0.640923
0.642803
0.644681
0.646559
0.648434
0.650308
0.652181
0.654051
0.655918
0.657783
0.659645
0.661504
0.66336
0.665212
0.667061
0.668905
0.670746
0.672582
0.674413
0.676239
0.678061
0.679877
0.681687
0.683492
0.685291
0.687083
0.688869
0.690649
0.692421
0.694187
0.695945
0.697696
0.699439
0.701174
0.702901
0.70462
0.70633
0.708031
0.709723
0.711407
0.71308
0.714744
0.716398
0.718043
0.719677
0.7213
0.722913
0.724515
0.726106
0.727686
0.729254
0.730811
0.732356
0.733888
0.735409
0.736917
0.738413
0.739895
0.741365
0.742822
0.744265
0.745695
0.747111
0.748513
0.749901
0.751275
0.752634
0.753979
0.755309
0.756624
0.757923
0.759208
0.760477
0.761731
0.762969
0.76419
0.765396
0.766586
0.767759
0.768915
0.770055
0.771178
0.772283
0.773372
0.774443
0.775497
0.776533
0.777552
0.778552
0.779535
0.780499
0.781445
0.782373
0.783282
0.784173
0.785044
