--------------------------------
0.999985
0.99996
0.999925
0.99988
0.999825
0.99976
0.999685
0.9996
0.999505
0.9994
0.999285
0.999161
0.999026
0.998881
0.998727
0.998562
0.998388
0.998204
0.99801
0.997806
0.997593
0.997369
0.997136
0.996893
0.996641
0.996379
0.996107
0.995825
0.995534
0.995233
0.994923
0.994603
0.994274
0.993935
0.993587
0.993229
0.992862
0.992486
0.9921
0.991705
0.991301
0.990888
0.990466
0.990034
0.989594
0.989144
0.988686
0.988219
0.987742
0.987257
0.986763
0.986261
0.98575
0.98523
0.984701
0.984164
0.983619
0.983065
0.982502
0.981932
0.981353
0.980766
0.980171
0.979567
0.978956
0.978337
0.977709
0.977074
0.976431
0.975781
0.975123
0.974457
0.973783
0.973103
0.972414
0.971719
0.971016
0.970306
0.969589
0.968864
0.968133
0.967395
0.96665
0.965898
0.96514
0.964375
0.963603
0.962825
0.96204
0.961249
0.960452
0.959649
0.95884
0.958024
0.957203
0.956376
0.955543
0.954704
0.95386
0.95301
0.952154
0.951294
0.950428
0.949556
0.94868
0.947799
0.946912
0.946021
0.945125
0.944224
0.943319
0.942409
0.941495
0.940576
0.939654
0.938726
0.937795
0.93686
0.935921
0.934978
0.934031
0.933081
0.932127
0.93117
0.93021
0.929246
0.928279
0.927308
0.926335
0.925359
0.92438
0.923398
0.922414
0.921427
0.920438
0.919446
0.918453
0.917456
0.916458
0.915458
0.914456
0.913453
0.912447
0.91144
0.910431
0.909421
0.90841
0.907398
0.906384
0.905369
0.904354
0.903337
0.90232
0.901302
0.900284
0.899265
0.898246
0.897226
0.896207
0.895187
0.894167
0.893148
0.892128
0.891109
0.89009
0.889072
0.888054
0.887037
0.886021
0.885006
0.883991
0.882978
0.881966
0.880955
0.879945
0.878937
0.87793
0.876925
0.875921
0.87492
0.87392
0.872922
0.871926
0.870933
0.869941
0.868952
0.867966
0.866982
0.866
0.865021
0.864045
0.863072
0.862102
0.861135
0.860171
0.85921
0.858252
0.857298
0.856348
0.855401
0.854457
0.853517
0.852582
0.85165
0.850722
0.849798
0.848878
0.847962
0.847051
0.846144
0.845242
0.844344
0.84345
0.842562
0.841678
0.840799
0.839925
0.839056
0.838192
0.837334
0.83648
0.835632
0.834789
0.833952
0.83312
0.832294
0.831474
0.830659
0.82985
0.829047
0.82825
0.827459
0.826674
0.825895
0.825123
0.824356
0.823596
0.822843
0.822096
0.821355
0.820622
0.819894
0.819174
0.81846
0.817753
0.817053
0.81636
0.815674
0.814995
0.814323
0.813659
0.813001
0.812351
0.811708
0.811073
0.810445
0.809825
0.809212
0.808606
0.808008
0.807418
0.806836
0.806261
0.805695
0.805136
0.804585
0.804042
0.803506
0.802979
0.80246
0.801949
0.801446
0.800951
0.800465
0.799986
0.799516
0.799054
0.798601
0.798156
0.797719
0.79729
0.79687
0.796459
0.796056
0.795661
0.795275
0.794898
0.794529
0.794168
0.793816
0.793473
0.793139
0.792813
0.792496
0.792187
0.791887
0.791596
0.791314
0.79104
0.790775
0.790518
0.790271
0.790032
0.789802
0.789581
0.789368
0.789164
0.788969
0.788783
0.788606
0.788437
0.788277
0.788125
0.787983
0.787849
0.787724
0.787608
0.7875
0.787401
0.787311
0.787229
0.787156
0.787092
0.787036
0.786989
0.78695
0.78692
0.786899
0.786886
0.786882
0.786886
0.786898
0.786919
0.786949
0.786986
0.787032
0.787087
0.787149
0.78722
0.787299
0.787386
0.787482
0.787585
0.787697
0.787816
0.787944
0.788079
0.788223
0.788374
0.788533
0.7887
0.788875
0.789057
0.789247
0.789444
0.789649
0.789862
0.790082
0.790309
0.790544
0.790786
0.791035
0.791292
0.791555
0.791826
0.792103
0.792388
0.792679
0.792977
0.793282
0.793594
0.793912
0.794237
0.794569
0.794906
0.795251
0.795601
0.795958
0.796321
0.79669
0.797065
0.797445
0.797832
0.798225
0.798623
0.799027
0.799436
0.799851
0.800272
0.800698
0.801129
0.801565
0.802006
0.802452
0.802904
0.80336
0.80382
0.804286
0.804756
0.805231
0.80571
0.806193
0.806681
0.807173
0.807669
0.808168
0.808672
0.80918
0.809691
0.810206
0.810724
0.811246
0.811772
0.8123
0.812832
0.813366
0.813904
0.814444
0.814988
0.815534
0.816082
0.816633
0.817187
0.817742
0.8183
0.81886
0.819422
0.819986
0.820552
0.821119
0.821688
0.822258
0.82283
0.823403
0.823977
0.824552
0.825128
0.825705
0.826283
0.826861
0.82744
0.82802
0.828599
0.829179
0.829759
0.830339
0.830919
0.831499
0.832079
0.832658
0.833236
0.833814
0.834391
0.834967
0.835543
0.836117
0.83669
0.837262
0.837833
0.838402
0.838969
0.839535
0.840099
0.840661
0.84122
0.841778
0.842334
0.842887
0.843438
0.843986
0.844531
0.845074
0.845613
0.84615
0.846684
0.847214
0.847741
0.848265
0.848785
0.849302
0.849814
0.850323
0.850828
0.851329
0.851825
0.852318
0.852805
0.853289
0.853768
0.854242
0.854711
0.855175
0.855634
0.856089
0.856537
0.856981
0.857419
0.857852
0.858279
0.8587
0.859115
0.859524
0.859928
0.860325
0.860716
0.8611
0.861478
0.86185
0.862215
0.862573
0.862924
0.863268
0.863605
0.863935
0.864258
0.864574
0.864882
0.865182
0.865475
0.86576
0.866038
0.866307
0.866569
0.866822
0.867067
0.867304
0.867533
0.867753
0.867965
0.868168
0.868362
0.868548
0.868724
0.868892
0.869051
0.8692
0.86934
0.869471
0.869593
0.869705
0.869808
0.869901
0.869984
0.870057
0.870121
0.870175
0.870218
0.870252
0.870275
0.870289
0.870292
0.870284
0.870266
0.870238
0.870199
0.870149
0.870088
0.870017
0.869935
0.869842
0.869738
0.869623
0.869497
0.869359
0.869211
0.869051
0.868879
0.868696
0.868502
0.868296
0.868079
0.86785
0.867609
0.867357
0.867092
0.866816
0.866528
0.866228
0.865916
0.865592
0.865255
0.864907
0.864546
0.864173
0.863788
0.86339
0.86298
0.862558
0.862123
0.861676
0.861216
0.860744
0.860259
0.859761
0.859251
0.858728
0.858192
0.857643
0.857082
0.856508
0.85592
0.85532
0.854708
0.854082
0.853443
0.852791
0.852126
0.851449
0.850758
0.850054
0.849337
0.848607
0.847864
0.847107
0.846338
0.845555
0.84476
0.843951
0.843128
0.842293
0.841444
0.840583
0.839708
0.83882
0.837918
0.837003
0.836076
0.835135
0.83418
0.833213
0.832232
0.831238
0.830231
0.82921
0.828177
0.82713
0.82607
0.824997
0.823911
0.822812
0.821699
0.820574
0.819435
0.818283
0.817118
0.81594
0.81475
0.813546
0.812329
0.811099
0.809856
0.808601
0.807332
0.806051
0.804757
0.80345
0.80213
0.800797
0.799452
0.798094
0.796724
0.795341
0.793945
0.792537
0.791117
0.789684
0.788239
0.786781
0.785311
0.783829
0.782334
0.780828
0.779309
0.777778
0.776235
0.77468
0.773114
0.771535
0.769945
0.768343
0.766729
0.765103
0.763466
0.761818
0.760158
0.758486
0.756804
0.75511
0.753404
0.751688
0.749961
0.748222
0.746473
0.744712
0.742941
0.74116
0.739367
0.737564
0.735751
0.733927
0.732093
0.730248
0.728393
0.726528
0.724654
0.722769
0.720874
0.718969
0.717055
0.715131
0.713198
0.711255
0.709303
0.707342
0.705371
0.703392
0.701403
0.699406
0.697399
0.695384
0.693361
0.691329
0.689288
0.687239
0.685182
0.683117
0.681044
0.678963
0.676874
0.674778
0.672674
0.670562
0.668443
0.666317
0.664184
0.662044
0.659896
0.657742
0.655581
0.653414
0.65124
0.64906
0.646873
0.64468
0.642482
0.640277
0.638067
0.635851
0.633629
0.631402
0.62917
0.626933
0.62469
0.622443
0.620191
0.617934
0.615673
0.613407
0.611137
0.608863
0.606585
0.604303
0.602017
0.599727
0.597434
0.595138
0.592838
0.590536
0.58823
0.585922
0.58361
0.581297
0.578981
0.576662
0.574341
0.572019
0.569694
0.567368
0.56504
0.562711
0.560381
0.558049
0.555716
0.553383
0.551048
0.548713
0.546378
0.544042
0.541706
0.53937
0.537034
0.534698
0.532363
0.530028
0.527694
0.525361
0.523029
0.520698
0.518368
0.516039
0.513712
0.511387
0.509064
0.506742
0.504423
0.502106
0.499791
0.497479
0.49517
0.492863
0.49056
0.488259
0.485962
0.483669
0.481379
0.479092
0.47681
0.474531
0.472257
0.469987
0.467721
0.46546
0.463203
0.460952
0.458705
0.456464
0.454228
0.451997
0.449772
0.447553
0.445339
0.443131
0.44093
0.438734
0.436546
0.434363
0.432187
0.430018
0.427856
0.425702
0.423554
0.421413
0.41928
0.417155
0.415037
0.412928
0.410826
0.408732
0.406647
0.40457
0.402501
0.400441
0.39839
0.396347
0.394314
0.39229
0.390275
0.388269
0.386273
0.384286
0.38231
0.380343
0.378386
0.376439
0.374502
0.372575
0.370659
0.368754
0.366859
0.364974
0.363101
0.361239
0.359387
0.357547
0.355718
0.353901
0.352095
0.350301
0.348518
0.346747
0.344988
0.343241
0.341506
0.339783
0.338073
0.336374
0.334689
0.333016
0.331355
0.329707
0.328072
0.32645
0.324841
0.323245
0.321662
0.320093
0.318536
0.316993
0.315464
0.313948
0.312446
0.310957
0.309482
0.308021
0.306574
0.305141
0.303722
0.302317
0.300926
0.29955
0.298188
0.29684
0.295506
0.294187
0.292883
0.291593
0.290318
0.289057
0.287812
0.286581
0.285365
0.284164
0.282977
0.281806
0.28065
0.279509
0.278383
0.277272
0.276176
0.275096
0.274031
0.272981
0.271946
0.270927
0.269923
0.268935
0.267962
0.267005
0.266063
0.265136
0.264225
0.26333
0.26245
0.261586
0.260738
0.259905
0.259087
0.258286
0.2575
0.256729
0.255975
0.255236
0.254513
0.253805
0.253113
0.252437
0.251776
0.251131
0.250502
0.249889
0.249291
0.248709
0.248142
0.247591
0.247056
0.246536
0.246032
0.245544
0.245071
0.244613
0.244171
0.243745
0.243334
0.242938
0.242558
0.242193
0.241844
0.24151
0.241191
0.240887
0.240599
0.240326
0.240068
0.239825
0.239597
0.239384
0.239187
0.239004
0.238836
0.238682
0.238544
0.23842
0.238311
0.238217
0.238137
0.238072
0.238021
0.237984
0.237962
0.237954
