--------------------------------
0
-1.5e-07
-5.49995e-07
-1.29996e-06
-2.49984e-06
-4.24952e-06
-6.64886e-06
-9.79761e-06
-1.37955e-05
-1.8742e-05
-2.47368e-05
-3.18791e-05
-4.02683e-05
-5.00033e-05
-6.11833e-05
-7.39069e-05
-8.82728e-05
-0.000104379
-0.000122325
-0.000142207
-0.000164124
-0.000188174
-0.000214453
-0.000243059
-0.000274088
-0.000307637
-0.000343802
-0.000382679
-0.000424363
-0.000468951
-0.000516536
-0.000567213
-0.000621077
-0.000678221
-0.000738739
-0.000802724
-0.000870268
-0.000941464
-0.0010164
-0.00109518
-0.00117788
-0.00126459
-0.00135541
-0.00145043
-0.00154973
-0.00165341
-0.00176154
-0.00187423
-0.00199154
-0.00211358
-0.00224043
-0.00237217
-0.00250889
-0.00265067
-0.00279759
-0.00294974
-0.0031072
-0.00327005
-0.00343837
-0.00361224
-0.00379175
-0.00397697
-0.00416797
-0.00436484
-0.00456766
-0.0047765
-0.00499143
-0.00521253
-0.00543987
-0.00567353
-0.00591358
-0.0061601
-0.00641314
-0.00667279
-0.00693911
-0.00721216
-0.00749203
-0.00777877
-0.00807245
-0.00837314
-0.0086809
-0.0089958
-0.00931789
-0.00964724
-0.00998391
-0.010328
-0.0106795
-0.0110384
-0.011405
-0.0117791
-0.012161
-0.0125505
-0.0129478
-0.013353
-0.013766
-0.014187
-0.0146159
-0.0150529
-0.0154979
-0.0159511
-0.0164125
-0.0168821
-0.0173599
-0.017846
-0.0183405
-0.0188434
-0.0193547
-0.0198744
-0.0204027
-0.0209395
-0.0214849
-0.0220389
-0.0226016
-0.0231729
-0.0237529
-0.0243417
-0.0249393
-0.0255456
-0.0261608
-0.0267849
-0.0274178
-0.0280596
-0.0287104
-0.0293701
-0.0300387
-0.0307164
-0.0314031
-0.0320988
-0.0328035
-0.0335173
-0.0342402
-0.0349722
-0.0357132
-0.0364634
-0.0372227
-0.0379912
-0.0387687
-0.0395555
-0.0403513
-0.0411563
-0.0419705
-0.0427939
-0.0436264
-0.044468
-0.0453188
-0.0461788
-0.0470479
-0.0479262
-0.0488137
-0.0497102
-0.0506159
-0.0515307
-0.0524546
-0.0533877
-0.0543298
-0.0552809
-0.0562412
-0.0572105
-0.0581888
-0.0591761
-0.0601724
-0.0611776
-0.0621918
-0.063215
-0.064247
-0.0652879
-0.0663377
-0.0673963
-0.0684637
-0.0695398
-0.0706247
-0.0717183
-0.0728205
-0.0739314
-0.0750509
-0.076179
-0.0773156
-0.0784606
-0.0796142
-0.0807761
-0.0819465
-0.0831251
-0.0843121
-0.0855073
-0.0867107
-0.0879223
-0.0891419
-0.0903696
-0.0916054
-0.0928491
-0.0941007
-0.0953601
-0.0966274
-0.0979024
-0.0991851
-0.100475
-0.101773
-0.103079
-0.104392
-0.105712
-0.10704
-0.108375
-0.109717
-0.111066
-0.112422
-0.113786
-0.115156
-0.116534
-0.117918
-0.119309
-0.120706
-0.12211
-0.123521
-0.124938
-0.126362
-0.127792
-0.129228
-0.13067
-0.132119
-0.133573
-0.135033
-0.1365
-0.137972
-0.13945
-0.140933
-0.142422
-0.143916
-0.145416
-0.146921
-0.148431
-0.149947
-0.151467
-0.152993
-0.154523
-0.156058
-0.157598
-0.159142
-0.160691
-0.162244
-0.163802
-0.165364
-0.16693
-0.1685
-0.170074
-0.171652
-0.173233
-0.174819
-0.176407
-0.178
-0.179596
-0.181195
-0.182797
-0.184403
-0.186011
-0.187622
-0.189237
-0.190853
-0.192473
-0.194095
-0.195719
-0.197346
-0.198975
-0.200606
-0.202239
-0.203874
-0.205511
-0.20715
-0.20879
-0.210431
-0.212074
-0.213719
-0.215364
-0.217011
-0.218658
-0.220307
-0.221956
-0.223606
-0.225256
-0.226907
-0.228558
-0.23021
-0.231862
-0.233513
-0.235165
-0.236816
-0.238467
-0.240118
-0.241769
-0.243418
-0.245067
-0.246715
-0.248363
-0.250009
-0.251654
-0.253298
-0.254941
-0.256582
-0.258221
-0.259859
-0.261496
-0.26313
-0.264762
-0.266393
-0.268021
-0.269646
-0.27127
-0.272891
-0.274509
-0.276125
-0.277738
-0.279347
-0.280954
-0.282558
-0.284159
-0.285756
-0.28735
-0.28894
-0.290527
-0.292109
-0.293689
-0.295264
-0.296835
-0.298402
-0.299964
-0.301523
-0.303077
-0.304626
-0.306171
-0.30771
-0.309246
-0.310776
-0.312301
-0.313821
-0.315336
-0.316845
-0.318349
-0.319848
-0.32134
-0.322828
-0.324309
-0.325784
-0.327254
-0.328717
-0.330174
-0.331625
-0.33307
-0.334508
-0.335939
-0.337364
-0.338782
-0.340194
-0.341598
-0.342995
-0.344386
-0.345769
-0.347145
-0.348514
-0.349875
-0.351228
-0.352575
-0.353913
-0.355244
-0.356566
-0.357881
-0.359188
-0.360487
-0.361778
-0.36306
-0.364334
-0.3656
-0.366857
-0.368106
-0.369346
-0.370578
-0.3718
-0.373014
-0.374219
-0.375415
-0.376602
-0.37778
-0.378948
-0.380108
-0.381258
-0.382398
-0.383529
-0.384651
-0.385763
-0.386865
-0.387958
-0.389041
-0.390114
-0.391177
-0.392231
-0.393274
-0.394307
-0.39533
-0.396343
-0.397346
-0.398338
-0.39932
-0.400292
-0.401253
-0.402203
-0.403144
-0.404073
-0.404992
-0.4059
-0.406798
-0.407684
-0.40856
-0.409425
-0.410279
-0.411123
-0.411955
-0.412776
-0.413586
-0.414385
-0.415173
-0.41595
-0.416715
-0.417469
-0.418212
-0.418944
-0.419664
-0.420373
-0.421071
-0.421757
-0.422432
-0.423095
-0.423747
-0.424387
-0.425016
-0.425633
-0.426238
-0.426832
-0.427415
-0.427985
-0.428545
-0.429092
-0.429628
-0.430152
-0.430664
-0.431164
-0.431653
-0.43213
-0.432596
-0.433049
-0.433491
-0.433921
-0.434339
-0.434746
-0.435141
-0.435524
-0.435895
-0.436254
-0.436602
-0.436938
-0.437262
-0.437574
-0.437875
-0.438163
-0.438441
-0.438706
-0.43896
-0.439202
-0.439432
-0.43965
-0.439857
-0.440052
-0.440236
-0.440408
-0.440568
-0.440717
-0.440855
-0.44098
-0.441094
-0.441197
-0.441288
-0.441368
-0.441437
-0.441494
-0.441539
-0.441574
-0.441597
-0.441608
-0.441609
-0.441598
-0.441576
-0.441543
-0.441499
-0.441444
-0.441378
-0.441301
-0.441213
-0.441114
-0.441004
-0.440884
-0.440752
-0.44061
-0.440458
-0.440294
-0.44012
-0.439936
-0.439741
-0.439535
-0.43932
-0.439094
-0.438857
-0.438611
-0.438354
-0.438087
-0.43781
-0.437523
-0.437227
-0.43692
-0.436604
-0.436277
-0.435942
-0.435596
-0.435241
-0.434876
-0.434502
-0.434119
-0.433726
-0.433325
-0.432914
-0.432494
-0.432064
-0.431626
-0.431179
-0.430724
-0.430259
-0.429786
-0.429304
-0.428814
-0.428316
-0.427809
-0.427293
-0.42677
-0.426238
-0.425699
-0.425151
-0.424596
-0.424033
-0.423462
-0.422884
-0.422298
-0.421704
-0.421103
-0.420495
-0.41988
-0.419257
-0.418628
-0.417992
-0.417349
-0.416699
-0.416042
-0.415379
-0.414709
-0.414033
-0.413351
-0.412662
-0.411968
-0.411267
-0.410561
-0.409848
-0.40913
-0.408406
-0.407677
-0.406942
-0.406202
-0.405457
-0.404706
-0.403951
-0.40319
-0.402425
-0.401655
-0.40088
-0.400101
-0.399317
-0.398529
-0.397737
-0.396941
-0.39614
-0.395336
-0.394527
-0.393715
-0.3929
-0.39208
-0.391258
-0.390432
-0.389603
-0.388771
-0.387935
-0.387097
-0.386256
-0.385413
-0.384566
-0.383718
-0.382866
-0.382013
-0.381158
-0.3803
-0.37944
-0.378579
-0.377716
-0.376851
-0.375985
-0.375117
-0.374248
-0.373378
-0.372507
-0.371634
-0.370761
-0.369887
-0.369013
-0.368138
-0.367262
-0.366386
-0.36551
-0.364633
-0.363757
-0.362881
-0.362004
-0.361129
-0.360253
-0.359378
-0.358504
-0.35763
-0.356758
-0.355886
-0.355015
-0.354145
-0.353277
-0.35241
-0.351544
-0.35068
-0.349818
-0.348957
-0.348098
-0.347242
-0.346387
-0.345534
-0.344684
-0.343836
-0.342991
-0.342148
-0.341308
-0.340471
-0.339637
-0.338805
-0.337977
-0.337152
-0.33633
-0.335512
-0.334697
-0.333886
-0.333078
-0.332274
-0.331475
-0.330679
-0.329887
-0.329099
-0.328316
-0.327537
-0.326762
-0.325993
-0.325227
-0.324467
-0.323711
-0.32296
-0.322215
-0.321474
-0.320739
-0.320009
-0.319284
-0.318565
-0.317851
-0.317143
-0.316441
-0.315744
-0.315054
-0.314369
-0.313691
-0.313019
-0.312352
-0.311693
-0.31104
-0.310393
-0.309753
-0.309119
-0.308493
-0.307873
-0.30726
-0.306654
-0.306055
-0.305463
-0.304878
-0.304301
-0.303731
-0.303169
-0.302614
-0.302066
-0.301526
-0.300994
-0.30047
-0.299954
-0.299445
-0.298945
-0.298453
-0.297969
-0.297493
-0.297025
-0.296566
-0.296115
-0.295672
-0.295238
-0.294813
-0.294396
-0.293988
-0.293589
-0.293199
-0.292818
-0.292445
-0.292082
-0.291727
-0.291382
-0.291046
-0.290719
-0.290401
-0.290093
-0.289794
-0.289504
-0.289224
-0.288954
-0.288693
-0.288442
-0.2882
-0.287968
-0.287746
-0.287534
-0.287331
-0.287139
-0.286956
-0.286783
-0.28662
-0.286468
-0.286325
-0.286193
-0.286071
-0.285958
-0.285857
-0.285765
-0.285684
-0.285613
-0.285552
-0.285502
-0.285462
-0.285433
-0.285414
-0.285406
-0.285408
-0.28542
-0.285444
-0.285478
-0.285522
-0.285577
-0.285643
-0.28572
-0.285807
-0.285905
-0.286014
-0.286133
-0.286264
-0.286405
-0.286557
-0.28672
-0.286893
-0.287078
-0.287273
-0.287479
-0.287696
-0.287924
-0.288163
-0.288413
-0.288673
-0.288945
-0.289227
-0.289521
-0.289825
-0.290141
-0.290467
-0.290804
-0.291152
-0.291511
-0.291881
-0.292262
-0.292654
-0.293056
-0.29347
-0.293894
-0.29433
-0.294776
-0.295233
-0.295701
-0.29618
-0.29667
-0.29717
-0.297682
-0.298204
-0.298737
-0.29928
-0.299835
-0.3004
-0.300976
-0.301562
-0.302159
-0.302767
-0.303386
-0.304015
-0.304654
-0.305304
-0.305965
-0.306636
-0.307318
-0.30801
-0.308712
-0.309425
-0.310148
-0.310882
-0.311625
-0.312379
-0.313143
-0.313918
-0.314702
-0.315496
-0.316301
-0.317115
-0.31794
-0.318774
-0.319618
-0.320472
-0.321336
-0.322209
-0.323092
-0.323985
-0.324887
-0.325799
-0.32672
-0.327651
-0.328591
-0.32954
-0.330499
-0.331466
-0.332443
-0.333429
-0.334424
-0.335428
-0.336441
-0.337462
-0.338492
-0.339531
-0.340579
-0.341635
-0.3427
-0.343773
-0.344854
-0.345944
-0.347041
-0.348147
-0.349261
-0.350383
-0.351513
-0.352651
-0.353796
-0.354949
-0.35611
-0.357278
-0.358454
-0.359636
-0.360827
-0.362024
-0.363228
-0.364439
-0.365658
-0.366883
-0.368114
-0.369353
-0.370598
-0.371849
-0.373107
-0.374371
-0.375641
-0.376917
-0.378199
-0.379487
-0.380781
-0.38208
-0.383385
-0.384695
-0.386011
-0.387332
-0.388658
-0.38999
-0.391326
-0.392667
-0.394013
-0.395363
-0.396718
-0.398077
-0.399441
-0.400809
-0.402181
-0.403556
-0.404936
-0.406319
-0.407706
-0.409097
-0.410491
-0.411888
-0.413288
-0.414692
-0.416098
-0.417507
-0.418919
-0.420333
-0.42175
-0.423169
-0.42459
-0.426014
-0.427439
-0.428866
-0.430295
-0.431726
-0.433158
-0.434591
-0.436025
-0.437461
-0.438897
-0.440335
-0.441773
-0.443211
-0.44465
-0.44609
-0.447529
-0.448969
-0.450408
-0.451848
-0.453287
-0.454725
-0.456163
-0.4576
-0.459037
-0.460472
-0.461906
-0.463339
-0.464771
-0.466201
-0.46763
-0.469056
-0.470481
-0.471904
-0.473325
-0.474743
-0.476159
-0.477572
-0.478983
-0.480391
-0.481796
-0.483197
-0.484596
-0.485991
-0.487383
-0.488771
-0.490155
-0.491535
-0.492912
-0.494284
-0.495652
-0.497015
-0.498374
-0.499728
-0.501077
-0.502422
-0.503761
-0.505095
-0.506424
-0.507748
-0.509065
-0.510377
-0.511683
-0.512984
-0.514278
-0.515565
-0.516847
-0.518122
-0.51939
-0.520651
-0.521906
-0.523153
